Name: sn2017eaw
Type: SNII
Zhel:      0.000133
Redshift_error:    0.000007
Zcmb:      -0.000471
Ra:        308.68433  
Dec:        60.193333
Epoch: 2000
E(B-V)_MW: 0.296900
E(B-V)_MW_REF:  Schlafly & Finkbeiner 2011 (ApJ 737, 103)
Host: NGC 6949
Host_type: SAB(rs)cd
Distance(m-M): 28.67
Distance_error(m-M): 0.43
Distance_method: NED
Major_Diameter(arcmin):  11.5
Minor_Diameter(arcmin):   9.8
E(B-V)_MW_ERR: 0.00360000
